Fit_SIR_hete_beta3
	K1=25.10580836
	K2=37.54185338
	K3=22.44770777
	K4=37.40875575

	V1=48.91646077
	V2=93.46829537
	V3=58.80221344
	V4=91.25772337

	g=0.332776801970398;	subn=0.07136854354180602

FIT_SIR_hete_beta2
	K1=14.62687347
	K2=34.03716203
	K3=20.81147729

	V1=28.49687295
	V2= 86.9921729
	V3=56.38642887

	G=0.33049543;	subn=0.11495885